352447988663
352448879663
352448798663
622177988663
622178879663
352447988666
352448879666
352447899563
352457789663
622178798663
352448798666
352447988933
352448879933
352448798933
622177988666
622178879666
334717979663
622177899563
622187789663
352447899566
352457789666
622178798666
352447988669
352448879669
337147979663
334474979663
334717898663
334718789663
352447988693
352448879693
352448798669
622177988933
622178879933
337147898663
337148789663
352447988936
352448879936
334474898663
334475789663
361447979663
352448798693
352447899833
352457789933
622178798933
352448798936
361447898663
361448789663
334717979666
622177899566
622187789666
622177988669
622178879669
352177988933
352178879933
337147979666
334474979666
334717898666
334718789666
331777679663
331778489663
622177988693
622178879693
352447899569
352457789669
622178798669
352178798933
622177988936
622178879936
337147898666
337148789666
334474898666
334475789666
631177979663
334717979933
361447979666
331777598663
352447899593
352457789693
622178798693
352447988696
352448879696
622177899833
622187789933
352447899836
352457789936
622178798936
352447988939
352448879939
631177898663
631178789663
337147979933
334474979933
334717898933
334718789933
361447898666
361448789666
352448798696
352447988963
352448879963
352448798939
337147898933
337148789933
352177988936
352178879936
334474898933
334475789933
334717979669
361447979933
352448798963
331777679666
331778489666
622177899569
622187789669
334717979693
352177899833
352187789933
352178798936
337147979669
334474979669
334717898669
334718789669
361447898933
361448789933
631177979666
334717979936
622177899593
622187789693
331777598666
622177988696
622178879696
337147979693
334474979693
334717898693
334718789693
622177899836
622187789936
622177988939
622178879939
337147898669
337148789669
334474898669
334475789669
631177898666
631178789666
337147979936
334474979936
334717898936
334718789936
361447979669
352447899596
352457789696
622178798696
331777679933
331778489933
622177988963
622178879963
337147898693
337148789693
334474898693
334475789693
352447899839
352457789939
622178798939
361447979693
337147898936
337148789936
334474898936
334475789936
361447898669
361448789669
631177979933
334447979933
361447979936
331777598933
352447899863
352457789963
622178798963
331774979933
361447898693
361448789693
352177899836
352187789936
352177988939
352178879939
631177898933
631178789933
334447898933
334448789933
361447898936
361448789936
331777679669
331778489669
352177988963
352178879963
331774898933
331775789933
334717979696
352178798939
631177979669
334717979939
331777679693
331778489693
361177979933
622177899596
622187789696
331777598669
352178798963
331777679936
331778489936
337147979696
334474979696
334717898696
334718789696
622177899839
622187789939
631177979693
334717979963
631177898669
631178789669
337147979939
334474979939
334717898939
334718789939
331777598693
361177898933
361178789933
631177979936
334447979936
622177899863
622187789963
331777598936
337147898696
337148789696
334474898696
334475789696
631177898693
631178789693
337147979963
331774979936
334474979963
334717898963
334718789963
361447979696
337147898939
337148789939
334474898939
334475789939
631177898936
631178789936
334447898936
334448789936
361447979939
337147898963
337148789963
331774898936
331775789936
334474898963
334475789963
361447898696
361448789696
352177899839
352187789939
361447979963
361447898939
361448789939
361177979936
352177899863
352187789963
352177988966
352178879966
361447898963
361448789963
331777679696
331778489696
361177898936
361178789936
352178798966
331777679939
331778489939
631177979696
331777598696
631177979939
334447979939
331777679963
331778489963
331777598939
631177898696
631178789696
331774979939
631177979963
334447979963
631177898939
631178789939
334447898939
334448789939
331777598963
331774979963
331774898939
331775789939
631177898963
631178789963
334447898963
334448789963
361177979939
331774898963
331775789963
352177899866
352187789966
361177979963
361177898939
361178789939
361177898963
361178789963
334447979966
331774979966
334447898966
334448789966
331774898966
331775789966
361177979966
361177898966
361178789966
